153
847
30
1232
547
541
867
819
185
678
1340
1290
664
979
1256
853
193
702
689
677
186
711
522
151
690
123
1316
204
1094
246
1332
281
207
1109
238
1231
811
232
719
1283
1089
119
1246
1226
15
1287
961
192
735
1342
720
211
533
1250
108
155
319
864
1296
318
19
1222
797
986
969
16
1293
1281
794
960
789
978
713
1086
698
130
1321
1261
1220
1286
989
233
279
1244
164
691
3
701
243
1310
42
1119
1230
141
144
1257
990
863
230
703
126
850
1338
970
781
271
23
972
835
165
242
658
225
784
1237
537
201
714
270
139
539
697
957
176
974
777
786
828
964
674
544
202
174
644
817
824
884
1087
121
542
526
138
648
672
676
134
160
862
276
681
287
991
1262
673
775
799
852
223
536
810
216
716
530
184
1240
779
312
302
733
289
146
36
886
798
294
647
217
1339
2
723
695
845
196
1327
1217
1333
1285
655
808
1299
17
839
999
669
667
203
39
317
1117
1274
1279
208
652
252
708
224
1227
24
707
966
1108
870
147
705
654
187
120
240
32
1309
795
665
253
1344
250
34
1095
1000
1271
976
663
241
100
1263
175
774
782
988
994
249
1270
1001
873
813
213
546
849
997
1259
27
524
992
837
650
793
206
1224
662
293
826
133
1306
1258
254
659
822
272
228
721
800
643
534
666
1243
996
790
292
124
1278
814
11
801
778
205
692
1104
125
273
1091
653
965
1003
190
35
1343
1280
12
848
783
88
1331
785
156
971
876
809
214
212
736
975
229
191
875
685
529
680
173
684
738
737
22
834
1275
234
284
980
1269
968
1308
131
694
4
286
290
226
1116
172
998
316
1249
182
1101
1329
1341
188
183
199
836
148
170
1276
1242
1264
803
525
285
818
962
5
1319
959
1219
531
220
1102
1113
247
532
168
830
245
704
283
1265
1252
305
967
149
227
1241
983
1099
1248
135
842
6
277
145
282
1303
275
730
806
1260
660
210
1110
18
773
675
521
1106
1096
728
1291
1314
527
1328
792
816
981
180
1118
215
734
686
812
143
865
840
535
195
152
1304
150
43
1273
528
1298
661
1292
1007
987
1090
1322
25
1295
1
161
244
877
1320
788
1289
154
29
21
231
